2021-10-24 13:01:54,481,BT1             ,BT2             ,TT1             ,TT2             ,AT              ,X               ,Y               ,Z               ,BP1             ,BP2             ,TP1             ,TP2             ,HP              ,AP              ,PD ,PC ,HL ,EL ,BF   ,SF   ,PF   ,BV    ,rpm             ,State ,MissionState ,Setpoint ,Error ,Depth 
2021-10-24 13:01:54,482,Buffering (1/5) ,Buffering (1/5) ,Buffering (0/5) ,Buffering (0/5) ,Buffering (0/5) ,Buffering (0/5) ,Buffering (0/5) ,Buffering (0/5) ,Buffering (1/5) ,Buffering (0/5) ,Buffering (0/5) ,Buffering (0/5) ,Buffering (0/5) ,Buffering (0/5) ,0  ,0  ,0  ,0  ,None ,None ,None ,78.50 ,Buffering (0/1) ,STOP  ,IDLE         ,None     ,None  ,None  
2021-10-24 13:02:05,999,24.53 ,Buffering (4/5) ,Buffering (3/5) ,Buffering (3/5) ,Buffering (3/5) ,Buffering (3/5) ,Buffering (3/5) ,Buffering (3/5) ,11.22 ,Buffering (3/5) ,Buffering (3/5) ,Buffering (3/5) ,Buffering (3/5) ,Buffering (3/5) ,1.39 ,100.00 ,0  ,0  ,0  ,None ,None ,79.79 ,Buffering (0/1) ,STOP  ,IDLE         ,None     ,None  ,None  
2021-10-24 13:02:06,167,24.53 ,Buffering (4/5) ,Buffering (3/5) ,Buffering (3/5) ,Buffering (4/5) ,Buffering (4/5) ,Buffering (4/5) ,Buffering (4/5) ,11.22 ,Buffering (3/5) ,Buffering (3/5) ,Buffering (3/5) ,Buffering (3/5) ,Buffering (4/5) ,1.39 ,100.00 ,0  ,0  ,0  ,2  ,None ,79.80 ,Buffering (0/1) ,STOP  ,IDLE         ,None     ,None  ,None  
2021-10-24 13:02:06,999,24.53 ,Buffering (4/5) ,Buffering (3/5) ,Buffering (3/5) ,25.97 ,Buffering (4/5) ,Buffering (4/5) ,Buffering (4/5) ,11.22 ,Buffering (3/5) ,Buffering (3/5) ,Buffering (3/5) ,Buffering (3/5) ,10269.36 ,1.39 ,100.00 ,0  ,0  ,0  ,2  ,None ,89.73 ,Buffering (0/1) ,STOP  ,IDLE         ,None     ,None  ,None  
2021-10-24 13:02:07,124,24.53 ,Buffering (4/5) ,Buffering (3/5) ,Buffering (3/5) ,25.99 ,Buffering (4/5) ,Buffering (4/5) ,Buffering (4/5) ,11.22 ,Buffering (3/5) ,Buffering (3/5) ,Buffering (3/5) ,Buffering (3/5) ,10234.18 ,1.39 ,100.00 ,0  ,0  ,0  ,2  ,None ,92.82 ,Buffering (0/1) ,STOP  ,IDLE         ,None     ,None  ,None  
2021-10-24 13:02:07,250,24.53 ,Buffering (4/5) ,Buffering (3/5) ,Buffering (3/5) ,26.00 ,Buffering (4/5) ,Buffering (4/5) ,Buffering (4/5) ,11.22 ,Buffering (3/5) ,Buffering (3/5) ,Buffering (3/5) ,Buffering (3/5) ,10192.78 ,1.39 ,100.00 ,0  ,0  ,0  ,2  ,None ,96.17 ,Buffering (0/1) ,STOP  ,IDLE         ,None     ,None  ,None  
2021-10-24 13:02:07,373,24.53 ,Buffering (4/5) ,Buffering (3/5) ,Buffering (3/5) ,26.00 ,Buffering (4/5) ,Buffering (4/5) ,Buffering (4/5) ,11.22 ,Buffering (3/5) ,Buffering (3/5) ,Buffering (3/5) ,Buffering (3/5) ,10145.88 ,1.39 ,100.00 ,0  ,0  ,0  ,2  ,None ,99.82 ,Buffering (0/1) ,STOP  ,IDLE         ,None     ,None  ,None  
2021-10-24 13:02:07,497,24.53 ,Buffering (4/5) ,Buffering (3/5) ,Buffering (3/5) ,25.99 ,Buffering (4/5) ,Buffering (4/5) ,Buffering (4/5) ,11.22 ,Buffering (3/5) ,Buffering (3/5) ,Buffering (3/5) ,Buffering (3/5) ,10089.94 ,1.39 ,100.00 ,0  ,0  ,0  ,2  ,None ,103.78 ,Buffering (0/1) ,STOP  ,IDLE         ,None     ,None  ,None  
2021-10-24 13:02:07,620,24.53 ,Buffering (4/5) ,Buffering (3/5) ,Buffering (3/5) ,25.99 ,Buffering (4/5) ,Buffering (4/5) ,Buffering (4/5) ,11.22 ,Buffering (3/5) ,Buffering (3/5) ,Buffering (3/5) ,Buffering (3/5) ,10048.52 ,1.39 ,100.00 ,0  ,0  ,0  ,2  ,None ,107.76 ,Buffering (0/1) ,STOP  ,IDLE         ,None     ,None  ,None  
2021-10-24 13:02:07,745,24.53 ,Buffering (4/5) ,Buffering (3/5) ,Buffering (3/5) ,25.99 ,Buffering (4/5) ,Buffering (4/5) ,Buffering (4/5) ,11.22 ,Buffering (3/5) ,Buffering (3/5) ,Buffering (3/5) ,Buffering (3/5) ,10004.48 ,1.39 ,100.00 ,0  ,0  ,0  ,2  ,None ,112.16 ,Buffering (0/1) ,STOP  ,IDLE         ,None     ,None  ,None  
2021-10-24 13:02:07,871,24.53 ,Buffering (4/5) ,Buffering (3/5) ,Buffering (3/5) ,25.98 ,Buffering (4/5) ,Buffering (4/5) ,Buffering (4/5) ,11.22 ,Buffering (3/5) ,Buffering (3/5) ,Buffering (3/5) ,Buffering (3/5) ,9958.40 ,1.39 ,100.00 ,0  ,0  ,0  ,2  ,None ,116.58 ,Buffering (0/1) ,STOP  ,IDLE         ,None     ,None  ,None  
2021-10-24 13:02:07,986,24.53 ,Buffering (4/5) ,Buffering (3/5) ,Buffering (3/5) ,25.98 ,Buffering (4/5) ,Buffering (4/5) ,Buffering (4/5) ,11.22 ,Buffering (3/5) ,Buffering (3/5) ,Buffering (3/5) ,Buffering (3/5) ,9911.38 ,1.39 ,100.00 ,0  ,0  ,0  ,2  ,None ,120.82 ,Buffering (0/1) ,STOP  ,IDLE         ,None     ,None  ,None  
2021-10-24 13:02:08,112,24.53 ,Buffering (4/5) ,Buffering (3/5) ,Buffering (3/5) ,25.97 ,Buffering (4/5) ,Buffering (4/5) ,Buffering (4/5) ,11.22 ,Buffering (3/5) ,Buffering (3/5) ,Buffering (3/5) ,Buffering (3/5) ,9864.08 ,1.39 ,100.00 ,0  ,0  ,0  ,2  ,None ,125.10 ,Buffering (0/1) ,STOP  ,IDLE         ,None     ,None  ,None  
2021-10-24 13:02:08,236,24.53 ,Buffering (4/5) ,Buffering (3/5) ,Buffering (3/5) ,25.97 ,Buffering (4/5) ,Buffering (4/5) ,Buffering (4/5) ,11.22 ,Buffering (3/5) ,Buffering (3/5) ,Buffering (3/5) ,Buffering (3/5) ,9816.56 ,1.39 ,100.00 ,0  ,0  ,0  ,2  ,None ,129.41 ,Buffering (0/1) ,STOP  ,IDLE         ,None     ,None  ,None  
2021-10-24 13:02:08,360,24.53 ,Buffering (4/5) ,Buffering (3/5) ,Buffering (3/5) ,25.97 ,Buffering (4/5) ,Buffering (4/5) ,Buffering (4/5) ,11.22 ,Buffering (3/5) ,Buffering (3/5) ,Buffering (3/5) ,Buffering (3/5) ,9769.80 ,1.39 ,100.00 ,0  ,0  ,0  ,2  ,None ,133.64 ,Buffering (0/1) ,STOP  ,IDLE         ,None     ,None  ,None  
2021-10-24 13:02:08,484,24.53 ,Buffering (4/5) ,Buffering (3/5) ,Buffering (3/5) ,25.96 ,Buffering (4/5) ,Buffering (4/5) ,Buffering (4/5) ,11.22 ,Buffering (3/5) ,Buffering (3/5) ,Buffering (3/5) ,Buffering (3/5) ,9723.86 ,1.39 ,100.00 ,0  ,0  ,0  ,2  ,None ,137.83 ,Buffering (0/1) ,STOP  ,IDLE         ,None     ,None  ,None  
2021-10-24 13:02:08,608,24.53 ,Buffering (4/5) ,Buffering (3/5) ,Buffering (3/5) ,25.95 ,Buffering (4/5) ,Buffering (4/5) ,Buffering (4/5) ,11.22 ,Buffering (3/5) ,Buffering (3/5) ,Buffering (3/5) ,Buffering (3/5) ,9678.24 ,1.39 ,100.00 ,0  ,0  ,0  ,2  ,None ,142.17 ,Buffering (0/1) ,STOP  ,IDLE         ,None     ,None  ,None  
2021-10-24 13:02:08,733,24.53 ,Buffering (4/5) ,Buffering (3/5) ,Buffering (3/5) ,25.95 ,Buffering (4/5) ,Buffering (4/5) ,Buffering (4/5) ,11.22 ,Buffering (3/5) ,Buffering (3/5) ,Buffering (3/5) ,Buffering (3/5) ,9633.06 ,1.39 ,100.00 ,0  ,0  ,0  ,2  ,None ,146.42 ,Buffering (0/1) ,STOP  ,IDLE         ,None     ,None  ,None  
2021-10-24 13:02:08,856,24.53 ,Buffering (4/5) ,Buffering (3/5) ,Buffering (3/5) ,25.94 ,Buffering (4/5) ,Buffering (4/5) ,Buffering (4/5) ,11.22 ,Buffering (3/5) ,Buffering (3/5) ,Buffering (3/5) ,Buffering (3/5) ,9588.46 ,1.39 ,100.00 ,0  ,0  ,0  ,2  ,None ,150.59 ,Buffering (0/1) ,STOP  ,IDLE         ,None     ,None  ,None  
2021-10-24 13:02:08,979,24.53 ,Buffering (4/5) ,Buffering (3/5) ,Buffering (3/5) ,25.93 ,Buffering (4/5) ,Buffering (4/5) ,Buffering (4/5) ,11.22 ,Buffering (3/5) ,Buffering (3/5) ,Buffering (3/5) ,Buffering (3/5) ,9544.52 ,1.39 ,100.00 ,0  ,0  ,0  ,2  ,None ,154.70 ,Buffering (0/1) ,STOP  ,IDLE         ,None     ,None  ,None  
2021-10-24 13:02:09,096,24.53 ,Buffering (4/5) ,Buffering (3/5) ,Buffering (3/5) ,25.92 ,Buffering (4/5) ,Buffering (4/5) ,Buffering (4/5) ,11.22 ,Buffering (3/5) ,Buffering (3/5) ,Buffering (3/5) ,Buffering (3/5) ,9501.12 ,1.39 ,100.00 ,0  ,0  ,0  ,2  ,None ,158.85 ,Buffering (0/1) ,STOP  ,IDLE         ,None     ,None  ,None  
2021-10-24 13:02:09,220,24.53 ,Buffering (4/5) ,Buffering (3/5) ,Buffering (3/5) ,25.91 ,Buffering (4/5) ,Buffering (4/5) ,Buffering (4/5) ,11.22 ,Buffering (3/5) ,Buffering (3/5) ,Buffering (3/5) ,Buffering (3/5) ,9458.24 ,1.39 ,100.00 ,0  ,0  ,0  ,2  ,None ,163.08 ,Buffering (0/1) ,STOP  ,IDLE         ,None     ,None  ,None  
2021-10-24 13:02:09,347,24.53 ,Buffering (4/5) ,Buffering (3/5) ,Buffering (3/5) ,25.89 ,Buffering (4/5) ,Buffering (4/5) ,Buffering (4/5) ,11.22 ,Buffering (3/5) ,Buffering (3/5) ,Buffering (3/5) ,Buffering (3/5) ,9416.00 ,1.39 ,100.00 ,0  ,0  ,0  ,2  ,None ,167.20 ,Buffering (0/1) ,STOP  ,IDLE         ,None     ,None  ,None  
2021-10-24 13:02:09,473,24.53 ,Buffering (4/5) ,Buffering (3/5) ,Buffering (3/5) ,25.88 ,Buffering (4/5) ,Buffering (4/5) ,Buffering (4/5) ,11.22 ,Buffering (3/5) ,Buffering (3/5) ,Buffering (3/5) ,Buffering (3/5) ,9374.58 ,1.39 ,100.00 ,0  ,0  ,0  ,2  ,None ,171.14 ,Buffering (0/1) ,STOP  ,IDLE         ,None     ,None  ,None  
2021-10-24 13:02:09,592,24.53 ,Buffering (4/5) ,Buffering (3/5) ,Buffering (3/5) ,25.87 ,Buffering (4/5) ,Buffering (4/5) ,Buffering (4/5) ,11.22 ,Buffering (3/5) ,Buffering (3/5) ,Buffering (3/5) ,Buffering (3/5) ,9333.20 ,1.39 ,100.00 ,0  ,0  ,0  ,2  ,None ,175.41 ,Buffering (0/1) ,STOP  ,IDLE         ,None     ,None  ,None  
2021-10-24 13:02:09,716,24.53 ,Buffering (4/5) ,Buffering (3/5) ,Buffering (3/5) ,25.85 ,Buffering (4/5) ,Buffering (4/5) ,Buffering (4/5) ,11.22 ,Buffering (3/5) ,Buffering (3/5) ,Buffering (3/5) ,Buffering (3/5) ,9291.90 ,1.39 ,100.00 ,0  ,0  ,0  ,2  ,None ,179.66 ,Buffering (0/1) ,STOP  ,IDLE         ,None     ,None  ,None  
2021-10-24 13:02:09,839,24.53 ,Buffering (4/5) ,Buffering (3/5) ,Buffering (3/5) ,25.84 ,Buffering (4/5) ,Buffering (4/5) ,Buffering (4/5) ,11.22 ,Buffering (3/5) ,Buffering (3/5) ,Buffering (3/5) ,Buffering (3/5) ,9251.26 ,1.39 ,100.00 ,0  ,0  ,0  ,2  ,None ,183.75 ,Buffering (0/1) ,STOP  ,IDLE         ,None     ,None  ,None  
2021-10-24 13:02:09,963,24.53 ,Buffering (4/5) ,Buffering (3/5) ,Buffering (3/5) ,25.83 ,Buffering (4/5) ,Buffering (4/5) ,Buffering (4/5) ,11.22 ,Buffering (3/5) ,Buffering (3/5) ,Buffering (3/5) ,Buffering (3/5) ,9210.92 ,1.39 ,100.00 ,0  ,0  ,0  ,2  ,None ,187.90 ,Buffering (0/1) ,STOP  ,IDLE         ,None     ,None  ,None  
2021-10-24 13:02:10,086,24.53 ,Buffering (4/5) ,Buffering (3/5) ,Buffering (3/5) ,25.81 ,Buffering (4/5) ,Buffering (4/5) ,Buffering (4/5) ,11.22 ,Buffering (3/5) ,Buffering (3/5) ,Buffering (3/5) ,Buffering (3/5) ,9170.84 ,1.39 ,100.00 ,0  ,0  ,0  ,2  ,None ,191.88 ,Buffering (0/1) ,STOP  ,IDLE         ,None     ,None  ,None  
2021-10-24 13:02:10,211,24.53 ,Buffering (4/5) ,Buffering (3/5) ,Buffering (3/5) ,25.80 ,Buffering (4/5) ,Buffering (4/5) ,Buffering (4/5) ,11.22 ,Buffering (3/5) ,Buffering (3/5) ,Buffering (3/5) ,Buffering (3/5) ,9131.50 ,1.39 ,100.00 ,0  ,0  ,0  ,2  ,None ,195.89 ,Buffering (0/1) ,STOP  ,IDLE         ,None     ,None  ,None  
2021-10-24 13:02:10,335,24.53 ,Buffering (4/5) ,Buffering (3/5) ,Buffering (3/5) ,25.78 ,Buffering (4/5) ,Buffering (4/5) ,Buffering (4/5) ,11.22 ,Buffering (3/5) ,Buffering (3/5) ,Buffering (3/5) ,Buffering (3/5) ,9092.42 ,1.39 ,100.00 ,0  ,0  ,0  ,2  ,None ,200.24 ,Buffering (0/1) ,STOP  ,IDLE         ,None     ,None  ,None  
2021-10-24 13:02:10,458,24.53 ,Buffering (4/5) ,Buffering (3/5) ,Buffering (3/5) ,25.77 ,Buffering (4/5) ,Buffering (4/5) ,Buffering (4/5) ,11.22 ,Buffering (3/5) ,Buffering (3/5) ,Buffering (3/5) ,Buffering (3/5) ,9054.10 ,1.39 ,100.00 ,0  ,0  ,0  ,2  ,None ,204.04 ,Buffering (0/1) ,STOP  ,IDLE         ,None     ,None  ,None  
2021-10-24 13:02:10,581,24.53 ,Buffering (4/5) ,Buffering (3/5) ,Buffering (3/5) ,25.75 ,Buffering (4/5) ,Buffering (4/5) ,Buffering (4/5) ,11.22 ,Buffering (3/5) ,Buffering (3/5) ,Buffering (3/5) ,Buffering (3/5) ,9016.46 ,1.39 ,100.00 ,0  ,0  ,0  ,2  ,None ,207.96 ,Buffering (0/1) ,STOP  ,IDLE         ,None     ,None  ,None  
2021-10-24 13:02:10,707,24.53 ,Buffering (4/5) ,Buffering (3/5) ,Buffering (3/5) ,25.73 ,Buffering (4/5) ,Buffering (4/5) ,Buffering (4/5) ,11.22 ,Buffering (3/5) ,Buffering (3/5) ,Buffering (3/5) ,Buffering (3/5) ,8978.92 ,1.39 ,100.00 ,0  ,0  ,0  ,2  ,None ,212.03 ,Buffering (0/1) ,STOP  ,IDLE         ,None     ,None  ,None  
2021-10-24 13:02:10,823,24.53 ,Buffering (4/5) ,Buffering (3/5) ,Buffering (3/5) ,25.71 ,Buffering (4/5) ,Buffering (4/5) ,Buffering (4/5) ,11.22 ,Buffering (3/5) ,Buffering (3/5) ,Buffering (3/5) ,Buffering (3/5) ,8941.70 ,1.39 ,100.00 ,0  ,0  ,0  ,2  ,None ,216.09 ,Buffering (0/1) ,STOP  ,IDLE         ,None     ,None  ,None  
2021-10-24 13:02:10,952,24.53 ,Buffering (4/5) ,Buffering (3/5) ,Buffering (3/5) ,25.69 ,Buffering (4/5) ,Buffering (4/5) ,Buffering (4/5) ,11.22 ,Buffering (3/5) ,Buffering (3/5) ,Buffering (3/5) ,Buffering (3/5) ,8905.56 ,1.39 ,100.00 ,0  ,0  ,0  ,2  ,None ,219.95 ,Buffering (0/1) ,STOP  ,IDLE         ,None     ,None  ,None  
2021-10-24 13:02:11,071,24.53 ,Buffering (4/5) ,Buffering (3/5) ,Buffering (3/5) ,25.67 ,Buffering (4/5) ,Buffering (4/5) ,Buffering (4/5) ,11.22 ,Buffering (3/5) ,Buffering (3/5) ,Buffering (3/5) ,Buffering (3/5) ,8869.34 ,1.39 ,100.00 ,0  ,0  ,0  ,2  ,None ,223.95 ,Buffering (0/1) ,STOP  ,IDLE         ,None     ,None  ,None  
2021-10-24 13:02:11,196,24.53 ,Buffering (4/5) ,Buffering (3/5) ,Buffering (3/5) ,25.65 ,Buffering (4/5) ,Buffering (4/5) ,Buffering (4/5) ,11.22 ,Buffering (3/5) ,Buffering (3/5) ,Buffering (3/5) ,Buffering (3/5) ,8833.30 ,1.39 ,100.00 ,0  ,0  ,0  ,2  ,None ,227.96 ,Buffering (0/1) ,STOP  ,IDLE         ,None     ,None  ,None  
2021-10-24 13:02:11,321,24.53 ,Buffering (4/5) ,Buffering (3/5) ,Buffering (3/5) ,25.63 ,Buffering (4/5) ,Buffering (4/5) ,Buffering (4/5) ,11.22 ,Buffering (3/5) ,Buffering (3/5) ,Buffering (3/5) ,Buffering (3/5) ,8797.82 ,1.39 ,100.00 ,0  ,0  ,0  ,2  ,None ,231.88 ,Buffering (0/1) ,STOP  ,IDLE         ,None     ,None  ,None  
2021-10-24 13:02:11,444,24.53 ,Buffering (4/5) ,Buffering (3/5) ,Buffering (3/5) ,25.61 ,Buffering (4/5) ,Buffering (4/5) ,Buffering (4/5) ,11.22 ,Buffering (3/5) ,Buffering (3/5) ,Buffering (3/5) ,Buffering (3/5) ,8763.04 ,1.39 ,100.00 ,0  ,0  ,0  ,2  ,None ,235.66 ,Buffering (0/1) ,STOP  ,IDLE         ,None     ,None  ,None  
2021-10-24 13:02:11,572,24.53 ,Buffering (4/5) ,Buffering (3/5) ,Buffering (3/5) ,25.59 ,Buffering (4/5) ,Buffering (4/5) ,Buffering (4/5) ,11.22 ,Buffering (3/5) ,Buffering (3/5) ,Buffering (3/5) ,Buffering (3/5) ,8728.62 ,1.39 ,100.00 ,0  ,0  ,0  ,2  ,None ,239.47 ,Buffering (0/1) ,STOP  ,IDLE         ,None     ,None  ,None  
2021-10-24 13:02:11,686,24.53 ,Buffering (4/5) ,Buffering (3/5) ,Buffering (3/5) ,25.57 ,Buffering (4/5) ,Buffering (4/5) ,Buffering (4/5) ,11.22 ,Buffering (3/5) ,Buffering (3/5) ,Buffering (3/5) ,Buffering (3/5) ,8694.64 ,1.39 ,100.00 ,0  ,0  ,0  ,2  ,None ,243.37 ,Buffering (0/1) ,STOP  ,IDLE         ,None     ,None  ,None  
2021-10-24 13:02:11,810,24.53 ,Buffering (4/5) ,Buffering (3/5) ,Buffering (3/5) ,25.55 ,Buffering (4/5) ,Buffering (4/5) ,Buffering (4/5) ,11.22 ,Buffering (3/5) ,Buffering (3/5) ,Buffering (3/5) ,Buffering (3/5) ,8661.24 ,1.39 ,100.00 ,0  ,0  ,0  ,2  ,None ,247.20 ,Buffering (0/1) ,STOP  ,IDLE         ,None     ,None  ,None  
2021-10-24 13:02:11,935,24.53 ,Buffering (4/5) ,Buffering (3/5) ,Buffering (3/5) ,25.53 ,Buffering (4/5) ,Buffering (4/5) ,Buffering (4/5) ,11.22 ,Buffering (3/5) ,Buffering (3/5) ,Buffering (3/5) ,Buffering (3/5) ,8628.16 ,1.39 ,100.00 ,0  ,0  ,0  ,2  ,None ,251.04 ,Buffering (0/1) ,STOP  ,IDLE         ,None     ,None  ,None  
2021-10-24 13:02:12,059,24.53 ,Buffering (4/5) ,Buffering (3/5) ,Buffering (3/5) ,25.50 ,Buffering (4/5) ,Buffering (4/5) ,Buffering (4/5) ,11.22 ,Buffering (3/5) ,Buffering (3/5) ,Buffering (3/5) ,Buffering (3/5) ,8595.28 ,1.39 ,100.00 ,0  ,0  ,0  ,2  ,None ,254.82 ,Buffering (0/1) ,STOP  ,IDLE         ,None     ,None  ,None  
2021-10-24 13:02:12,183,24.53 ,Buffering (4/5) ,Buffering (3/5) ,Buffering (3/5) ,25.48 ,Buffering (4/5) ,Buffering (4/5) ,Buffering (4/5) ,11.22 ,Buffering (3/5) ,Buffering (3/5) ,Buffering (3/5) ,Buffering (3/5) ,8562.72 ,1.39 ,100.00 ,0  ,0  ,0  ,2  ,None ,258.61 ,Buffering (0/1) ,STOP  ,IDLE         ,None     ,None  ,None  
2021-10-24 13:02:12,308,24.53 ,Buffering (4/5) ,Buffering (3/5) ,Buffering (3/5) ,25.46 ,Buffering (4/5) ,Buffering (4/5) ,Buffering (4/5) ,11.22 ,Buffering (3/5) ,Buffering (3/5) ,Buffering (3/5) ,Buffering (3/5) ,8530.64 ,1.39 ,100.00 ,0  ,0  ,0  ,2  ,None ,262.34 ,Buffering (0/1) ,STOP  ,IDLE         ,None     ,None  ,None  
2021-10-24 13:02:12,431,24.53 ,Buffering (4/5) ,Buffering (3/5) ,Buffering (3/5) ,25.43 ,Buffering (4/5) ,Buffering (4/5) ,Buffering (4/5) ,11.22 ,Buffering (3/5) ,Buffering (3/5) ,Buffering (3/5) ,Buffering (3/5) ,8498.74 ,1.39 ,100.00 ,0  ,0  ,0  ,2  ,None ,266.20 ,Buffering (0/1) ,STOP  ,IDLE         ,None     ,None  ,None  
2021-10-24 13:02:12,556,24.53 ,Buffering (4/5) ,Buffering (3/5) ,Buffering (3/5) ,25.41 ,Buffering (4/5) ,Buffering (4/5) ,Buffering (4/5) ,11.22 ,Buffering (3/5) ,Buffering (3/5) ,Buffering (3/5) ,Buffering (3/5) ,8467.42 ,1.39 ,100.00 ,0  ,0  ,0  ,2  ,None ,269.80 ,Buffering (0/1) ,STOP  ,IDLE         ,None     ,None  ,None  
2021-10-24 13:02:12,681,24.53 ,Buffering (4/5) ,Buffering (3/5) ,Buffering (3/5) ,25.38 ,Buffering (4/5) ,Buffering (4/5) ,Buffering (4/5) ,11.22 ,Buffering (3/5) ,Buffering (3/5) ,Buffering (3/5) ,Buffering (3/5) ,8436.60 ,1.39 ,100.00 ,0  ,0  ,0  ,2  ,None ,273.44 ,Buffering (0/1) ,STOP  ,IDLE         ,None     ,None  ,None  
2021-10-24 13:02:12,795,24.53 ,Buffering (4/5) ,Buffering (3/5) ,Buffering (3/5) ,25.36 ,Buffering (4/5) ,Buffering (4/5) ,Buffering (4/5) ,11.22 ,Buffering (3/5) ,Buffering (3/5) ,Buffering (3/5) ,Buffering (3/5) ,8406.22 ,1.39 ,100.00 ,0  ,0  ,0  ,2  ,None ,277.09 ,Buffering (0/1) ,STOP  ,IDLE         ,None     ,None  ,None  
2021-10-24 13:02:12,918,24.53 ,Buffering (4/5) ,Buffering (3/5) ,Buffering (3/5) ,25.34 ,Buffering (4/5) ,Buffering (4/5) ,Buffering (4/5) ,11.22 ,Buffering (3/5) ,Buffering (3/5) ,Buffering (3/5) ,Buffering (3/5) ,8375.98 ,1.39 ,100.00 ,0  ,0  ,0  ,2  ,None ,280.90 ,Buffering (0/1) ,STOP  ,IDLE         ,None     ,None  ,None  
2021-10-24 13:02:13,042,24.53 ,Buffering (4/5) ,Buffering (3/5) ,Buffering (3/5) ,25.31 ,Buffering (4/5) ,Buffering (4/5) ,Buffering (4/5) ,11.22 ,Buffering (3/5) ,Buffering (3/5) ,Buffering (3/5) ,Buffering (3/5) ,8346.24 ,1.39 ,100.00 ,0  ,0  ,0  ,2  ,None ,284.55 ,Buffering (0/1) ,STOP  ,IDLE         ,None     ,None  ,None  
2021-10-24 13:02:13,167,24.53 ,Buffering (4/5) ,Buffering (3/5) ,Buffering (3/5) ,25.29 ,Buffering (4/5) ,Buffering (4/5) ,Buffering (4/5) ,11.22 ,Buffering (3/5) ,Buffering (3/5) ,Buffering (3/5) ,Buffering (3/5) ,8316.64 ,1.39 ,100.00 ,0  ,0  ,0  ,2  ,None ,288.25 ,Buffering (0/1) ,STOP  ,IDLE         ,None     ,None  ,None  
2021-10-24 13:02:13,290,24.53 ,Buffering (4/5) ,Buffering (3/5) ,Buffering (3/5) ,25.27 ,Buffering (4/5) ,Buffering (4/5) ,Buffering (4/5) ,11.22 ,Buffering (3/5) ,Buffering (3/5) ,Buffering (3/5) ,Buffering (3/5) ,8287.32 ,1.39 ,100.00 ,0  ,0  ,0  ,2  ,None ,291.81 ,Buffering (0/1) ,STOP  ,IDLE         ,None     ,None  ,None  
2021-10-24 13:02:13,414,24.53 ,Buffering (4/5) ,Buffering (3/5) ,Buffering (3/5) ,25.25 ,Buffering (4/5) ,Buffering (4/5) ,Buffering (4/5) ,11.22 ,Buffering (3/5) ,Buffering (3/5) ,Buffering (3/5) ,Buffering (3/5) ,8258.12 ,1.39 ,100.00 ,0  ,0  ,0  ,2  ,None ,295.51 ,Buffering (0/1) ,STOP  ,IDLE         ,None     ,None  ,None  
2021-10-24 13:02:13,537,24.53 ,Buffering (4/5) ,Buffering (3/5) ,Buffering (3/5) ,25.23 ,Buffering (4/5) ,Buffering (4/5) ,Buffering (4/5) ,11.22 ,Buffering (3/5) ,Buffering (3/5) ,Buffering (3/5) ,Buffering (3/5) ,8229.58 ,1.39 ,100.00 ,0  ,0  ,0  ,2  ,None ,298.99 ,Buffering (0/1) ,STOP  ,IDLE         ,None     ,None  ,None  
2021-10-24 13:02:13,661,24.53 ,Buffering (4/5) ,Buffering (3/5) ,Buffering (3/5) ,25.20 ,Buffering (4/5) ,Buffering (4/5) ,Buffering (4/5) ,11.22 ,Buffering (3/5) ,Buffering (3/5) ,Buffering (3/5) ,Buffering (3/5) ,8201.26 ,1.39 ,100.00 ,0  ,0  ,0  ,2  ,None ,302.65 ,Buffering (0/1) ,STOP  ,IDLE         ,None     ,None  ,None  
2021-10-24 13:02:13,785,24.53 ,Buffering (4/5) ,Buffering (3/5) ,Buffering (3/5) ,25.18 ,Buffering (4/5) ,Buffering (4/5) ,Buffering (4/5) ,11.22 ,Buffering (3/5) ,Buffering (3/5) ,Buffering (3/5) ,Buffering (3/5) ,8173.26 ,1.39 ,100.00 ,0  ,0  ,0  ,2  ,None ,306.24 ,Buffering (0/1) ,STOP  ,IDLE         ,None     ,None  ,None  
2021-10-24 13:02:13,909,24.53 ,Buffering (4/5) ,Buffering (3/5) ,Buffering (3/5) ,25.16 ,Buffering (4/5) ,Buffering (4/5) ,Buffering (4/5) ,11.22 ,Buffering (3/5) ,Buffering (3/5) ,Buffering (3/5) ,Buffering (3/5) ,8145.54 ,1.39 ,100.00 ,0  ,0  ,0  ,2  ,None ,309.73 ,Buffering (0/1) ,STOP  ,IDLE         ,None     ,None  ,None  
2021-10-24 13:02:14,033,24.53 ,Buffering (4/5) ,Buffering (3/5) ,Buffering (3/5) ,25.13 ,Buffering (4/5) ,Buffering (4/5) ,Buffering (4/5) ,11.22 ,Buffering (3/5) ,Buffering (3/5) ,Buffering (3/5) ,Buffering (3/5) ,8117.98 ,1.39 ,100.00 ,0  ,0  ,0  ,2  ,None ,313.42 ,Buffering (0/1) ,STOP  ,IDLE         ,None     ,None  ,None  
2021-10-24 13:02:14,160,24.53 ,Buffering (4/5) ,Buffering (3/5) ,Buffering (3/5) ,25.11 ,Buffering (4/5) ,Buffering (4/5) ,Buffering (4/5) ,11.22 ,Buffering (3/5) ,Buffering (3/5) ,Buffering (3/5) ,Buffering (3/5) ,8090.80 ,1.39 ,100.00 ,0  ,0  ,0  ,2  ,None ,316.80 ,Buffering (0/1) ,STOP  ,IDLE         ,None     ,None  ,None  
2021-10-24 13:02:14,278,24.53 ,Buffering (4/5) ,Buffering (3/5) ,Buffering (3/5) ,25.08 ,Buffering (4/5) ,Buffering (4/5) ,Buffering (4/5) ,11.22 ,Buffering (3/5) ,Buffering (3/5) ,Buffering (3/5) ,Buffering (3/5) ,8063.76 ,1.39 ,100.00 ,0  ,0  ,0  ,2  ,None ,320.45 ,Buffering (0/1) ,STOP  ,IDLE         ,None     ,None  ,None  
2021-10-24 13:02:14,400,24.53 ,Buffering (4/5) ,Buffering (3/5) ,Buffering (3/5) ,25.06 ,Buffering (4/5) ,Buffering (4/5) ,Buffering (4/5) ,11.22 ,Buffering (3/5) ,Buffering (3/5) ,Buffering (3/5) ,Buffering (3/5) ,8036.96 ,1.39 ,100.00 ,0  ,0  ,0  ,2  ,None ,324.00 ,Buffering (0/1) ,STOP  ,IDLE         ,None     ,None  ,None  
2021-10-24 13:02:14,524,24.53 ,Buffering (4/5) ,Buffering (3/5) ,Buffering (3/5) ,25.03 ,Buffering (4/5) ,Buffering (4/5) ,Buffering (4/5) ,11.22 ,Buffering (3/5) ,Buffering (3/5) ,Buffering (3/5) ,Buffering (3/5) ,8010.60 ,1.39 ,100.00 ,0  ,0  ,0  ,2  ,None ,327.33 ,Buffering (0/1) ,STOP  ,IDLE         ,None     ,None  ,None  
2021-10-24 13:02:14,648,24.53 ,Buffering (4/5) ,Buffering (3/5) ,Buffering (3/5) ,25.01 ,Buffering (4/5) ,Buffering (4/5) ,Buffering (4/5) ,11.22 ,Buffering (3/5) ,Buffering (3/5) ,Buffering (3/5) ,Buffering (3/5) ,7984.16 ,1.39 ,100.00 ,0  ,0  ,0  ,2  ,None ,331.21 ,Buffering (0/1) ,STOP  ,IDLE         ,None     ,None  ,None  
2021-10-24 13:02:14,772,24.53 ,Buffering (4/5) ,Buffering (3/5) ,Buffering (3/5) ,24.98 ,Buffering (4/5) ,Buffering (4/5) ,Buffering (4/5) ,11.22 ,Buffering (3/5) ,Buffering (3/5) ,Buffering (3/5) ,Buffering (3/5) ,7957.92 ,1.39 ,100.00 ,0  ,0  ,0  ,2  ,None ,334.55 ,Buffering (0/1) ,STOP  ,IDLE         ,None     ,None  ,None  
2021-10-24 13:02:14,898,24.53 ,Buffering (4/5) ,Buffering (3/5) ,Buffering (3/5) ,24.96 ,Buffering (4/5) ,Buffering (4/5) ,Buffering (4/5) ,11.22 ,Buffering (3/5) ,Buffering (3/5) ,Buffering (3/5) ,Buffering (3/5) ,7932.12 ,1.39 ,100.00 ,0  ,0  ,0  ,2  ,None ,338.02 ,Buffering (0/1) ,STOP  ,IDLE         ,None     ,None  ,None  
2021-10-24 13:02:15,022,24.53 ,Buffering (4/5) ,Buffering (3/5) ,Buffering (3/5) ,24.94 ,Buffering (4/5) ,Buffering (4/5) ,Buffering (4/5) ,11.22 ,Buffering (3/5) ,Buffering (3/5) ,Buffering (3/5) ,Buffering (3/5) ,7906.56 ,1.39 ,100.00 ,0  ,0  ,0  ,2  ,None ,341.51 ,Buffering (0/1) ,STOP  ,IDLE         ,None     ,None  ,None  
2021-10-24 13:02:15,146,24.53 ,Buffering (4/5) ,Buffering (3/5) ,Buffering (3/5) ,24.91 ,Buffering (4/5) ,Buffering (4/5) ,Buffering (4/5) ,11.22 ,Buffering (3/5) ,Buffering (3/5) ,Buffering (3/5) ,Buffering (3/5) ,7880.98 ,1.39 ,100.00 ,0  ,0  ,0  ,2  ,None ,344.94 ,Buffering (0/1) ,STOP  ,IDLE         ,None     ,None  ,None  
2021-10-24 13:02:15,273,24.53 ,Buffering (4/5) ,Buffering (3/5) ,Buffering (3/5) ,24.88 ,Buffering (4/5) ,Buffering (4/5) ,Buffering (4/5) ,11.22 ,Buffering (3/5) ,Buffering (3/5) ,Buffering (3/5) ,Buffering (3/5) ,7855.82 ,1.39 ,100.00 ,0  ,0  ,0  ,2  ,None ,348.63 ,Buffering (0/1) ,STOP  ,IDLE         ,None     ,None  ,None  
2021-10-24 13:02:15,396,24.53 ,Buffering (4/5) ,Buffering (3/5) ,Buffering (3/5) ,24.86 ,Buffering (4/5) ,Buffering (4/5) ,Buffering (4/5) ,11.22 ,Buffering (3/5) ,Buffering (3/5) ,Buffering (3/5) ,Buffering (3/5) ,7831.04 ,1.39 ,100.00 ,0  ,0  ,0  ,2  ,None ,351.84 ,Buffering (0/1) ,STOP  ,IDLE         ,None     ,None  ,None  
2021-10-24 13:02:15,511,24.53 ,Buffering (4/5) ,Buffering (3/5) ,Buffering (3/5) ,24.84 ,Buffering (4/5) ,Buffering (4/5) ,Buffering (4/5) ,11.22 ,Buffering (3/5) ,Buffering (3/5) ,Buffering (3/5) ,Buffering (3/5) ,7806.64 ,1.39 ,100.00 ,0  ,0  ,0  ,2  ,None ,355.15 ,Buffering (0/1) ,STOP  ,IDLE         ,None     ,None  ,None  
2021-10-24 13:02:15,638,24.53 ,Buffering (4/5) ,Buffering (3/5) ,Buffering (3/5) ,24.81 ,Buffering (4/5) ,Buffering (4/5) ,Buffering (4/5) ,11.22 ,Buffering (3/5) ,Buffering (3/5) ,Buffering (3/5) ,Buffering (3/5) ,7782.14 ,1.39 ,100.00 ,0  ,0  ,0  ,2  ,None ,358.82 ,Buffering (0/1) ,STOP  ,IDLE         ,None     ,None  ,None  
2021-10-24 13:02:15,757,24.53 ,Buffering (4/5) ,Buffering (3/5) ,Buffering (3/5) ,24.79 ,Buffering (4/5) ,Buffering (4/5) ,Buffering (4/5) ,11.22 ,Buffering (3/5) ,Buffering (3/5) ,Buffering (3/5) ,Buffering (3/5) ,7757.80 ,1.39 ,100.00 ,0  ,0  ,0  ,2  ,None ,362.20 ,Buffering (0/1) ,STOP  ,IDLE         ,None     ,None  ,None  
2021-10-24 13:02:15,880,24.53 ,Buffering (4/5) ,Buffering (3/5) ,Buffering (3/5) ,24.76 ,Buffering (4/5) ,Buffering (4/5) ,Buffering (4/5) ,11.22 ,Buffering (3/5) ,Buffering (3/5) ,Buffering (3/5) ,Buffering (3/5) ,7733.78 ,1.39 ,100.00 ,0  ,0  ,0  ,2  ,None ,365.81 ,Buffering (0/1) ,STOP  ,IDLE         ,None     ,None  ,None  
2021-10-24 13:02:16,004,24.53 ,Buffering (4/5) ,Buffering (3/5) ,Buffering (3/5) ,24.74 ,Buffering (4/5) ,Buffering (4/5) ,Buffering (4/5) ,11.22 ,Buffering (3/5) ,Buffering (3/5) ,Buffering (3/5) ,Buffering (3/5) ,7710.10 ,1.39 ,100.00 ,0  ,0  ,0  ,2  ,None ,368.84 ,Buffering (0/1) ,STOP  ,IDLE         ,None     ,None  ,None  
2021-10-24 13:02:16,127,24.53 ,Buffering (4/5) ,Buffering (3/5) ,Buffering (3/5) ,24.71 ,Buffering (4/5) ,Buffering (4/5) ,Buffering (4/5) ,11.22 ,Buffering (3/5) ,Buffering (3/5) ,Buffering (3/5) ,Buffering (3/5) ,7685.84 ,1.39 ,100.00 ,0  ,0  ,0  ,2  ,None ,372.68 ,Buffering (0/1) ,STOP  ,IDLE         ,None     ,None  ,None  
2021-10-24 13:02:16,251,24.53 ,Buffering (4/5) ,Buffering (3/5) ,Buffering (3/5) ,24.69 ,Buffering (4/5) ,Buffering (4/5) ,Buffering (4/5) ,11.22 ,Buffering (3/5) ,Buffering (3/5) ,Buffering (3/5) ,Buffering (3/5) ,7662.38 ,1.39 ,100.00 ,0  ,0  ,0  ,2  ,None ,375.86 ,Buffering (0/1) ,STOP  ,IDLE         ,None     ,None  ,None  
2021-10-24 13:02:16,376,24.53 ,Buffering (4/5) ,Buffering (3/5) ,Buffering (3/5) ,24.66 ,Buffering (4/5) ,Buffering (4/5) ,Buffering (4/5) ,11.22 ,Buffering (3/5) ,Buffering (3/5) ,Buffering (3/5) ,Buffering (3/5) ,7639.00 ,1.39 ,100.00 ,0  ,0  ,0  ,2  ,None ,379.33 ,Buffering (0/1) ,STOP  ,IDLE         ,None     ,None  ,None  
2021-10-24 13:02:16,504,24.53 ,Buffering (4/5) ,Buffering (3/5) ,Buffering (3/5) ,24.64 ,Buffering (4/5) ,Buffering (4/5) ,Buffering (4/5) ,11.22 ,Buffering (3/5) ,Buffering (3/5) ,Buffering (3/5) ,Buffering (3/5) ,7616.26 ,1.39 ,100.00 ,0  ,0  ,0  ,2  ,None ,382.52 ,Buffering (0/1) ,STOP  ,IDLE         ,None     ,None  ,None  
2021-10-24 13:02:16,627,24.53 ,Buffering (4/5) ,Buffering (3/5) ,Buffering (3/5) ,24.61 ,Buffering (4/5) ,Buffering (4/5) ,Buffering (4/5) ,11.22 ,Buffering (3/5) ,Buffering (3/5) ,Buffering (3/5) ,Buffering (3/5) ,7593.28 ,1.39 ,100.00 ,0  ,0  ,0  ,2  ,None ,385.86 ,Buffering (0/1) ,STOP  ,IDLE         ,None     ,None  ,None  
2021-10-24 13:02:16,751,24.53 ,Buffering (4/5) ,Buffering (3/5) ,Buffering (3/5) ,24.59 ,Buffering (4/5) ,Buffering (4/5) ,Buffering (4/5) ,11.22 ,Buffering (3/5) ,Buffering (3/5) ,Buffering (3/5) ,Buffering (3/5) ,7571.16 ,1.39 ,100.00 ,0  ,0  ,0  ,2  ,None ,389.11 ,Buffering (0/1) ,STOP  ,IDLE         ,None     ,None  ,None  
2021-10-24 13:02:16,875,24.53 ,Buffering (4/5) ,Buffering (3/5) ,Buffering (3/5) ,24.56 ,Buffering (4/5) ,Buffering (4/5) ,Buffering (4/5) ,11.22 ,Buffering (3/5) ,Buffering (3/5) ,Buffering (3/5) ,Buffering (3/5) ,7548.48 ,1.39 ,100.00 ,0  ,0  ,0  ,2  ,None ,392.86 ,Buffering (0/1) ,STOP  ,IDLE         ,None     ,None  ,None  
2021-10-24 13:02:16,990,24.53 ,Buffering (4/5) ,Buffering (3/5) ,Buffering (3/5) ,24.54 ,Buffering (4/5) ,Buffering (4/5) ,Buffering (4/5) ,11.22 ,Buffering (3/5) ,Buffering (3/5) ,Buffering (3/5) ,Buffering (3/5) ,7526.22 ,1.39 ,100.00 ,0  ,0  ,0  ,2  ,None ,396.14 ,Buffering (0/1) ,STOP  ,IDLE         ,None     ,None  ,None  
2021-10-24 13:02:17,115,24.53 ,Buffering (4/5) ,Buffering (3/5) ,Buffering (3/5) ,24.52 ,Buffering (4/5) ,Buffering (4/5) ,Buffering (4/5) ,11.22 ,Buffering (3/5) ,Buffering (3/5) ,Buffering (3/5) ,Buffering (3/5) ,7503.76 ,1.39 ,100.00 ,0  ,0  ,0  ,2  ,None ,399.58 ,Buffering (0/1) ,STOP  ,IDLE         ,None     ,None  ,None  
2021-10-24 13:02:17,242,24.53 ,Buffering (4/5) ,Buffering (3/5) ,Buffering (3/5) ,24.50 ,Buffering (4/5) ,Buffering (4/5) ,Buffering (4/5) ,11.22 ,Buffering (3/5) ,Buffering (3/5) ,Buffering (3/5) ,Buffering (3/5) ,7481.60 ,1.39 ,100.00 ,0  ,0  ,0  ,2  ,None ,402.75 ,Buffering (0/1) ,STOP  ,IDLE         ,None     ,None  ,None  
2021-10-24 13:02:17,368,24.53 ,Buffering (4/5) ,Buffering (3/5) ,Buffering (3/5) ,24.47 ,Buffering (4/5) ,Buffering (4/5) ,Buffering (4/5) ,11.22 ,Buffering (3/5) ,Buffering (3/5) ,Buffering (3/5) ,Buffering (3/5) ,7459.74 ,1.39 ,100.00 ,0  ,0  ,0  ,2  ,None ,405.90 ,Buffering (0/1) ,STOP  ,IDLE         ,None     ,None  ,None  
2021-10-24 13:02:17,492,24.53 ,Buffering (4/5) ,Buffering (3/5) ,Buffering (3/5) ,24.45 ,Buffering (4/5) ,Buffering (4/5) ,Buffering (4/5) ,11.22 ,Buffering (3/5) ,Buffering (3/5) ,Buffering (3/5) ,Buffering (3/5) ,7438.54 ,1.39 ,100.00 ,0  ,0  ,0  ,2  ,None ,409.20 ,Buffering (0/1) ,STOP  ,IDLE         ,None     ,None  ,None  
2021-10-24 13:02:17,616,24.53 ,Buffering (4/5) ,Buffering (3/5) ,Buffering (3/5) ,24.43 ,Buffering (4/5) ,Buffering (4/5) ,Buffering (4/5) ,11.22 ,Buffering (3/5) ,Buffering (3/5) ,Buffering (3/5) ,Buffering (3/5) ,7416.92 ,1.39 ,100.00 ,0  ,0  ,0  ,2  ,None ,412.90 ,Buffering (0/1) ,STOP  ,IDLE         ,None     ,None  ,None  
2021-10-24 13:02:17,730,24.53 ,Buffering (4/5) ,Buffering (3/5) ,Buffering (3/5) ,24.40 ,Buffering (4/5) ,Buffering (4/5) ,Buffering (4/5) ,11.22 ,Buffering (3/5) ,Buffering (3/5) ,Buffering (3/5) ,Buffering (3/5) ,7395.94 ,1.39 ,100.00 ,0  ,0  ,0  ,2  ,None ,415.93 ,Buffering (0/1) ,STOP  ,IDLE         ,None     ,None  ,None  
2021-10-24 13:02:17,854,24.53 ,Buffering (4/5) ,Buffering (3/5) ,Buffering (3/5) ,24.38 ,Buffering (4/5) ,Buffering (4/5) ,Buffering (4/5) ,11.22 ,Buffering (3/5) ,Buffering (3/5) ,Buffering (3/5) ,Buffering (3/5) ,7374.78 ,1.39 ,100.00 ,0  ,0  ,0  ,2  ,None ,419.33 ,Buffering (0/1) ,STOP  ,IDLE         ,None     ,None  ,None  
2021-10-24 13:02:17,981,24.53 ,Buffering (4/5) ,Buffering (3/5) ,Buffering (3/5) ,24.35 ,Buffering (4/5) ,Buffering (4/5) ,Buffering (4/5) ,11.22 ,Buffering (3/5) ,Buffering (3/5) ,Buffering (3/5) ,Buffering (3/5) ,7353.42 ,1.39 ,100.00 ,0  ,0  ,0  ,2  ,None ,422.74 ,Buffering (0/1) ,STOP  ,IDLE         ,None     ,None  ,None  
2021-10-24 13:02:18,099,24.53 ,Buffering (4/5) ,Buffering (3/5) ,Buffering (3/5) ,24.33 ,Buffering (4/5) ,Buffering (4/5) ,Buffering (4/5) ,11.22 ,Buffering (3/5) ,Buffering (3/5) ,Buffering (3/5) ,Buffering (3/5) ,7332.16 ,1.39 ,100.00 ,0  ,0  ,0  ,2  ,None ,426.05 ,Buffering (0/1) ,STOP  ,IDLE         ,None     ,None  ,None  
2021-10-24 13:02:18,225,24.53 ,Buffering (4/5) ,Buffering (3/5) ,Buffering (3/5) ,24.30 ,Buffering (4/5) ,Buffering (4/5) ,Buffering (4/5) ,11.22 ,Buffering (3/5) ,Buffering (3/5) ,Buffering (3/5) ,Buffering (3/5) ,7311.36 ,1.39 ,100.00 ,0  ,0  ,0  ,2  ,None ,429.45 ,Buffering (0/1) ,STOP  ,IDLE         ,None     ,None  ,None  
2021-10-24 13:02:18,349,24.53 ,Buffering (4/5) ,Buffering (3/5) ,Buffering (3/5) ,24.28 ,Buffering (4/5) ,Buffering (4/5) ,Buffering (4/5) ,11.22 ,Buffering (3/5) ,Buffering (3/5) ,Buffering (3/5) ,Buffering (3/5) ,7290.64 ,1.39 ,100.00 ,0  ,0  ,0  ,2  ,None ,432.53 ,Buffering (0/1) ,STOP  ,IDLE         ,None     ,None  ,None  
2021-10-24 13:02:18,474,24.53 ,Buffering (4/5) ,Buffering (3/5) ,Buffering (3/5) ,24.26 ,Buffering (4/5) ,Buffering (4/5) ,Buffering (4/5) ,11.22 ,Buffering (3/5) ,Buffering (3/5) ,Buffering (3/5) ,Buffering (3/5) ,7270.04 ,1.39 ,100.00 ,0  ,0  ,0  ,2  ,None ,435.93 ,Buffering (0/1) ,STOP  ,IDLE         ,None     ,None  ,None  
2021-10-24 13:02:18,597,24.53 ,Buffering (4/5) ,Buffering (3/5) ,Buffering (3/5) ,24.24 ,Buffering (4/5) ,Buffering (4/5) ,Buffering (4/5) ,11.22 ,Buffering (3/5) ,Buffering (3/5) ,Buffering (3/5) ,Buffering (3/5) ,7249.76 ,1.39 ,100.00 ,0  ,0  ,0  ,2  ,None ,439.23 ,Buffering (0/1) ,STOP  ,IDLE         ,None     ,None  ,None  
2021-10-24 13:02:18,721,24.53 ,Buffering (4/5) ,Buffering (3/5) ,Buffering (3/5) ,24.21 ,Buffering (4/5) ,Buffering (4/5) ,Buffering (4/5) ,11.22 ,Buffering (3/5) ,Buffering (3/5) ,Buffering (3/5) ,Buffering (3/5) ,7229.60 ,1.39 ,100.00 ,0  ,0  ,0  ,2  ,None ,442.50 ,Buffering (0/1) ,STOP  ,IDLE         ,None     ,None  ,None  
2021-10-24 13:02:18,847,24.53 ,Buffering (4/5) ,Buffering (3/5) ,Buffering (3/5) ,24.19 ,Buffering (4/5) ,Buffering (4/5) ,Buffering (4/5) ,11.22 ,Buffering (3/5) ,Buffering (3/5) ,Buffering (3/5) ,Buffering (3/5) ,7209.76 ,1.39 ,100.00 ,0  ,0  ,0  ,2  ,None ,445.76 ,Buffering (0/1) ,STOP  ,IDLE         ,None     ,None  ,None  
2021-10-24 13:02:18,972,24.53 ,Buffering (4/5) ,Buffering (3/5) ,Buffering (3/5) ,24.17 ,Buffering (4/5) ,Buffering (4/5) ,Buffering (4/5) ,11.22 ,Buffering (3/5) ,Buffering (3/5) ,Buffering (3/5) ,Buffering (3/5) ,7189.84 ,1.39 ,100.00 ,0  ,0  ,0  ,2  ,None ,448.99 ,Buffering (0/1) ,STOP  ,IDLE         ,None     ,None  ,None  
2021-10-24 13:02:19,095,24.53 ,Buffering (4/5) ,Buffering (3/5) ,Buffering (3/5) ,24.15 ,Buffering (4/5) ,Buffering (4/5) ,Buffering (4/5) ,11.22 ,Buffering (3/5) ,Buffering (3/5) ,Buffering (3/5) ,Buffering (3/5) ,7170.10 ,1.39 ,100.00 ,0  ,0  ,0  ,2  ,None ,452.37 ,Buffering (0/1) ,STOP  ,IDLE         ,None     ,None  ,None  
2021-10-24 13:02:19,212,24.53 ,Buffering (4/5) ,Buffering (3/5) ,Buffering (3/5) ,24.13 ,Buffering (4/5) ,Buffering (4/5) ,Buffering (4/5) ,11.22 ,Buffering (3/5) ,Buffering (3/5) ,Buffering (3/5) ,Buffering (3/5) ,7150.46 ,1.39 ,100.00 ,0  ,0  ,0  ,2  ,None ,455.64 ,Buffering (0/1) ,STOP  ,IDLE         ,None     ,None  ,None  
2021-10-24 13:02:19,336,24.53 ,Buffering (4/5) ,Buffering (3/5) ,Buffering (3/5) ,24.11 ,Buffering (4/5) ,Buffering (4/5) ,Buffering (4/5) ,11.22 ,Buffering (3/5) ,Buffering (3/5) ,Buffering (3/5) ,Buffering (3/5) ,7130.84 ,1.39 ,100.00 ,0  ,0  ,0  ,2  ,None ,459.02 ,Buffering (0/1) ,STOP  ,IDLE         ,None     ,None  ,None  
2021-10-24 13:02:19,464,24.53 ,Buffering (4/5) ,Buffering (3/5) ,Buffering (3/5) ,24.09 ,Buffering (4/5) ,Buffering (4/5) ,Buffering (4/5) ,11.22 ,Buffering (3/5) ,Buffering (3/5) ,Buffering (3/5) ,Buffering (3/5) ,7111.36 ,1.39 ,100.00 ,0  ,0  ,0  ,2  ,None ,462.21 ,Buffering (0/1) ,STOP  ,IDLE         ,None     ,None  ,None  
2021-10-24 13:02:19,588,24.53 ,Buffering (4/5) ,Buffering (3/5) ,Buffering (3/5) ,24.07 ,Buffering (4/5) ,Buffering (4/5) ,Buffering (4/5) ,11.22 ,Buffering (3/5) ,Buffering (3/5) ,Buffering (3/5) ,Buffering (3/5) ,7091.74 ,1.39 ,100.00 ,0  ,0  ,0  ,2  ,None ,465.66 ,Buffering (0/1) ,STOP  ,IDLE         ,None     ,None  ,None  
2021-10-24 13:02:19,712,24.53 ,Buffering (4/5) ,Buffering (3/5) ,Buffering (3/5) ,24.05 ,Buffering (4/5) ,Buffering (4/5) ,Buffering (4/5) ,11.22 ,Buffering (3/5) ,Buffering (3/5) ,Buffering (3/5) ,Buffering (3/5) ,7072.56 ,1.39 ,100.00 ,0  ,0  ,0  ,2  ,None ,468.74 ,Buffering (0/1) ,STOP  ,IDLE         ,None     ,None  ,None  
2021-10-24 13:02:19,836,24.53 ,Buffering (4/5) ,Buffering (3/5) ,Buffering (3/5) ,24.03 ,Buffering (4/5) ,Buffering (4/5) ,Buffering (4/5) ,11.22 ,Buffering (3/5) ,Buffering (3/5) ,Buffering (3/5) ,Buffering (3/5) ,7053.54 ,1.39 ,100.00 ,0  ,0  ,0  ,2  ,None ,471.92 ,Buffering (0/1) ,STOP  ,IDLE         ,None     ,None  ,None  
2021-10-24 13:02:19,952,24.53 ,Buffering (4/5) ,Buffering (3/5) ,Buffering (3/5) ,24.01 ,Buffering (4/5) ,Buffering (4/5) ,Buffering (4/5) ,11.22 ,Buffering (3/5) ,Buffering (3/5) ,Buffering (3/5) ,Buffering (3/5) ,7034.60 ,1.39 ,100.00 ,0  ,0  ,0  ,2  ,None ,475.36 ,Buffering (0/1) ,STOP  ,IDLE         ,None     ,None  ,None  
2021-10-24 13:02:20,077,24.53 ,Buffering (4/5) ,Buffering (3/5) ,Buffering (3/5) ,23.99 ,Buffering (4/5) ,Buffering (4/5) ,Buffering (4/5) ,11.22 ,Buffering (3/5) ,Buffering (3/5) ,Buffering (3/5) ,Buffering (3/5) ,7015.78 ,1.39 ,100.00 ,0  ,0  ,0  ,2  ,None ,478.56 ,Buffering (0/1) ,STOP  ,IDLE         ,None     ,None  ,None  
2021-10-24 13:02:20,200,24.53 ,Buffering (4/5) ,Buffering (3/5) ,Buffering (3/5) ,23.97 ,Buffering (4/5) ,Buffering (4/5) ,Buffering (4/5) ,11.22 ,Buffering (3/5) ,Buffering (3/5) ,Buffering (3/5) ,Buffering (3/5) ,6997.20 ,1.39 ,100.00 ,0  ,0  ,0  ,2  ,None ,481.89 ,Buffering (0/1) ,STOP  ,IDLE         ,None     ,None  ,None  
2021-10-24 13:02:20,325,24.53 ,Buffering (4/5) ,Buffering (3/5) ,Buffering (3/5) ,23.95 ,Buffering (4/5) ,Buffering (4/5) ,Buffering (4/5) ,11.22 ,Buffering (3/5) ,Buffering (3/5) ,Buffering (3/5) ,Buffering (3/5) ,6978.56 ,1.39 ,100.00 ,0  ,0  ,0  ,2  ,None ,485.11 ,Buffering (0/1) ,STOP  ,IDLE         ,None     ,None  ,None  
2021-10-24 13:02:20,453,24.53 ,Buffering (4/5) ,Buffering (3/5) ,Buffering (3/5) ,23.94 ,Buffering (4/5) ,Buffering (4/5) ,Buffering (4/5) ,11.22 ,Buffering (3/5) ,Buffering (3/5) ,Buffering (3/5) ,Buffering (3/5) ,6959.98 ,1.39 ,100.00 ,0  ,0  ,0  ,2  ,None ,488.36 ,Buffering (0/1) ,STOP  ,IDLE         ,None     ,None  ,None  
2021-10-24 13:02:20,577,24.53 ,Buffering (4/5) ,Buffering (3/5) ,Buffering (3/5) ,23.92 ,Buffering (4/5) ,Buffering (4/5) ,Buffering (4/5) ,11.22 ,Buffering (3/5) ,Buffering (3/5) ,Buffering (3/5) ,Buffering (3/5) ,6941.94 ,1.39 ,100.00 ,0  ,0  ,0  ,2  ,None ,491.39 ,Buffering (0/1) ,STOP  ,IDLE         ,None     ,None  ,None  
2021-10-24 13:02:20,700,24.53 ,Buffering (4/5) ,Buffering (3/5) ,Buffering (3/5) ,23.90 ,Buffering (4/5) ,Buffering (4/5) ,Buffering (4/5) ,11.22 ,Buffering (3/5) ,Buffering (3/5) ,Buffering (3/5) ,Buffering (3/5) ,6923.66 ,1.39 ,100.00 ,0  ,0  ,0  ,2  ,None ,494.86 ,Buffering (0/1) ,STOP  ,IDLE         ,None     ,None  ,None  
2021-10-24 13:02:20,824,24.53 ,Buffering (4/5) ,Buffering (3/5) ,Buffering (3/5) ,23.88 ,Buffering (4/5) ,Buffering (4/5) ,Buffering (4/5) ,11.22 ,Buffering (3/5) ,Buffering (3/5) ,Buffering (3/5) ,Buffering (3/5) ,6905.70 ,1.39 ,100.00 ,0  ,0  ,0  ,2  ,None ,497.98 ,Buffering (0/1) ,STOP  ,IDLE         ,None     ,None  ,None  
2021-10-24 13:02:20,947,24.53 ,Buffering (4/5) ,Buffering (3/5) ,Buffering (3/5) ,23.86 ,Buffering (4/5) ,Buffering (4/5) ,Buffering (4/5) ,11.22 ,Buffering (3/5) ,Buffering (3/5) ,Buffering (3/5) ,Buffering (3/5) ,6888.10 ,1.39 ,100.00 ,0  ,0  ,0  ,2  ,None ,500.94 ,Buffering (0/1) ,STOP  ,IDLE         ,None     ,None  ,None  
2021-10-24 13:02:21,061,24.53 ,Buffering (4/5) ,Buffering (3/5) ,Buffering (3/5) ,23.85 ,Buffering (4/5) ,Buffering (4/5) ,Buffering (4/5) ,11.22 ,Buffering (3/5) ,Buffering (3/5) ,Buffering (3/5) ,Buffering (3/5) ,6870.26 ,1.39 ,100.00 ,0  ,0  ,0  ,2  ,None ,504.51 ,Buffering (0/1) ,STOP  ,IDLE         ,None     ,None  ,None  
2021-10-24 13:02:21,186,24.53 ,Buffering (4/5) ,Buffering (3/5) ,Buffering (3/5) ,23.83 ,Buffering (4/5) ,Buffering (4/5) ,Buffering (4/5) ,11.22 ,Buffering (3/5) ,Buffering (3/5) ,Buffering (3/5) ,Buffering (3/5) ,6852.20 ,1.39 ,100.00 ,0  ,0  ,0  ,2  ,None ,507.82 ,Buffering (0/1) ,STOP  ,IDLE         ,None     ,None  ,None  
2021-10-24 13:02:21,311,24.53 ,Buffering (4/5) ,Buffering (3/5) ,Buffering (3/5) ,23.81 ,Buffering (4/5) ,Buffering (4/5) ,Buffering (4/5) ,11.22 ,Buffering (3/5) ,Buffering (3/5) ,Buffering (3/5) ,Buffering (3/5) ,6834.88 ,1.39 ,100.00 ,0  ,0  ,0  ,2  ,None ,510.72 ,Buffering (0/1) ,STOP  ,IDLE         ,None     ,None  ,None  
2021-10-24 13:02:21,437,24.53 ,Buffering (4/5) ,Buffering (3/5) ,Buffering (3/5) ,23.79 ,Buffering (4/5) ,Buffering (4/5) ,Buffering (4/5) ,11.22 ,Buffering (3/5) ,Buffering (3/5) ,Buffering (3/5) ,Buffering (3/5) ,6817.42 ,1.39 ,100.00 ,0  ,0  ,0  ,2  ,None ,514.02 ,Buffering (0/1) ,STOP  ,IDLE         ,None     ,None  ,None  
2021-10-24 13:02:21,561,24.53 ,Buffering (4/5) ,Buffering (3/5) ,Buffering (3/5) ,23.77 ,Buffering (4/5) ,Buffering (4/5) ,Buffering (4/5) ,11.22 ,Buffering (3/5) ,Buffering (3/5) ,Buffering (3/5) ,Buffering (3/5) ,6799.90 ,1.39 ,100.00 ,0  ,0  ,0  ,2  ,None ,517.12 ,Buffering (0/1) ,STOP  ,IDLE         ,None     ,None  ,None  
2021-10-24 13:02:21,685,24.53 ,Buffering (4/5) ,Buffering (3/5) ,Buffering (3/5) ,23.75 ,Buffering (4/5) ,Buffering (4/5) ,Buffering (4/5) ,11.22 ,Buffering (3/5) ,Buffering (3/5) ,Buffering (3/5) ,Buffering (3/5) ,6782.86 ,1.39 ,100.00 ,0  ,0  ,0  ,2  ,None ,520.31 ,Buffering (0/1) ,STOP  ,IDLE         ,None     ,None  ,None  
2021-10-24 13:02:21,814,24.53 ,Buffering (4/5) ,Buffering (3/5) ,Buffering (3/5) ,23.73 ,Buffering (4/5) ,Buffering (4/5) ,Buffering (4/5) ,11.22 ,Buffering (3/5) ,Buffering (3/5) ,Buffering (3/5) ,Buffering (3/5) ,6766.06 ,1.39 ,100.00 ,0  ,0  ,0  ,2  ,None ,523.48 ,Buffering (0/1) ,STOP  ,IDLE         ,None     ,None  ,None  
2021-10-24 13:02:21,930,24.53 ,Buffering (4/5) ,Buffering (3/5) ,Buffering (3/5) ,23.72 ,Buffering (4/5) ,Buffering (4/5) ,Buffering (4/5) ,11.22 ,Buffering (3/5) ,Buffering (3/5) ,Buffering (3/5) ,Buffering (3/5) ,6748.86 ,1.39 ,100.00 ,0  ,0  ,0  ,2  ,None ,526.84 ,Buffering (0/1) ,STOP  ,IDLE         ,None     ,None  ,None  
2021-10-24 13:02:22,057,24.53 ,Buffering (4/5) ,Buffering (3/5) ,Buffering (3/5) ,23.70 ,Buffering (4/5) ,Buffering (4/5) ,Buffering (4/5) ,11.22 ,Buffering (3/5) ,Buffering (3/5) ,Buffering (3/5) ,Buffering (3/5) ,6731.70 ,1.39 ,100.00 ,0  ,0  ,0  ,2  ,None ,530.22 ,Buffering (0/1) ,STOP  ,IDLE         ,None     ,None  ,None  
2021-10-24 13:02:22,179,24.53 ,Buffering (4/5) ,Buffering (3/5) ,Buffering (3/5) ,23.68 ,Buffering (4/5) ,Buffering (4/5) ,Buffering (4/5) ,11.22 ,Buffering (3/5) ,Buffering (3/5) ,Buffering (3/5) ,Buffering (3/5) ,6714.72 ,1.39 ,100.00 ,0  ,0  ,0  ,2  ,None ,533.22 ,Buffering (0/1) ,STOP  ,IDLE         ,None     ,None  ,None  
2021-10-24 13:02:22,302,24.53 ,Buffering (4/5) ,Buffering (3/5) ,Buffering (3/5) ,23.66 ,Buffering (4/5) ,Buffering (4/5) ,Buffering (4/5) ,11.22 ,Buffering (3/5) ,Buffering (3/5) ,Buffering (3/5) ,Buffering (3/5) ,6697.90 ,1.39 ,100.00 ,0  ,0  ,0  ,2  ,None ,536.34 ,Buffering (0/1) ,STOP  ,IDLE         ,None     ,None  ,None  
2021-10-24 13:02:22,419,24.53 ,Buffering (4/5) ,Buffering (3/5) ,Buffering (3/5) ,23.65 ,Buffering (4/5) ,Buffering (4/5) ,Buffering (4/5) ,11.22 ,Buffering (3/5) ,Buffering (3/5) ,Buffering (3/5) ,Buffering (3/5) ,6681.08 ,1.39 ,100.00 ,0  ,0  ,0  ,2  ,None ,539.59 ,Buffering (0/1) ,STOP  ,IDLE         ,None     ,None  ,None  
2021-10-24 13:02:22,543,24.53 ,Buffering (4/5) ,Buffering (3/5) ,Buffering (3/5) ,23.63 ,Buffering (4/5) ,Buffering (4/5) ,Buffering (4/5) ,11.22 ,Buffering (3/5) ,Buffering (3/5) ,Buffering (3/5) ,Buffering (3/5) ,6664.46 ,1.39 ,100.00 ,0  ,0  ,0  ,2  ,None ,542.84 ,Buffering (0/1) ,STOP  ,IDLE         ,None     ,None  ,None  
2021-10-24 13:02:22,668,24.53 ,Buffering (4/5) ,Buffering (3/5) ,Buffering (3/5) ,23.61 ,Buffering (4/5) ,Buffering (4/5) ,Buffering (4/5) ,11.22 ,Buffering (3/5) ,Buffering (3/5) ,Buffering (3/5) ,Buffering (3/5) ,6648.28 ,1.39 ,100.00 ,0  ,0  ,0  ,2  ,None ,545.82 ,Buffering (0/1) ,STOP  ,IDLE         ,None     ,None  ,None  
2021-10-24 13:02:22,791,24.53 ,Buffering (4/5) ,Buffering (3/5) ,Buffering (3/5) ,23.59 ,Buffering (4/5) ,Buffering (4/5) ,Buffering (4/5) ,11.22 ,Buffering (3/5) ,Buffering (3/5) ,Buffering (3/5) ,Buffering (3/5) ,6632.50 ,1.39 ,100.00 ,0  ,0  ,0  ,2  ,None ,548.50 ,Buffering (0/1) ,STOP  ,IDLE         ,None     ,None  ,None  
2021-10-24 13:02:22,916,24.53 ,Buffering (4/5) ,Buffering (3/5) ,Buffering (3/5) ,23.57 ,Buffering (4/5) ,Buffering (4/5) ,Buffering (4/5) ,11.22 ,Buffering (3/5) ,Buffering (3/5) ,Buffering (3/5) ,Buffering (3/5) ,6616.12 ,1.39 ,100.00 ,0  ,0  ,0  ,2  ,None ,552.29 ,Buffering (0/1) ,STOP  ,IDLE         ,None     ,None  ,None  
2021-10-24 13:02:23,040,24.53 ,Buffering (4/5) ,Buffering (3/5) ,Buffering (3/5) ,23.56 ,Buffering (4/5) ,Buffering (4/5) ,Buffering (4/5) ,11.22 ,Buffering (3/5) ,Buffering (3/5) ,Buffering (3/5) ,Buffering (3/5) ,6599.60 ,1.39 ,100.00 ,0  ,0  ,0  ,2  ,None ,555.81 ,Buffering (0/1) ,STOP  ,IDLE         ,None     ,None  ,None  
2021-10-24 13:02:23,165,24.53 ,Buffering (4/5) ,Buffering (3/5) ,Buffering (3/5) ,23.54 ,Buffering (4/5) ,Buffering (4/5) ,Buffering (4/5) ,11.22 ,Buffering (3/5) ,Buffering (3/5) ,Buffering (3/5) ,Buffering (3/5) ,6583.70 ,1.39 ,100.00 ,0  ,0  ,0  ,2  ,None ,558.50 ,Buffering (0/1) ,STOP  ,IDLE         ,None     ,None  ,None  
2021-10-24 13:02:23,290,24.53 ,Buffering (4/5) ,Buffering (3/5) ,Buffering (3/5) ,23.52 ,Buffering (4/5) ,Buffering (4/5) ,Buffering (4/5) ,11.22 ,Buffering (3/5) ,Buffering (3/5) ,Buffering (3/5) ,Buffering (3/5) ,6567.54 ,1.39 ,100.00 ,0  ,0  ,0  ,2  ,None ,561.86 ,Buffering (0/1) ,STOP  ,IDLE         ,None     ,None  ,None  
2021-10-24 13:02:23,406,24.53 ,Buffering (4/5) ,Buffering (3/5) ,Buffering (3/5) ,23.51 ,Buffering (4/5) ,Buffering (4/5) ,Buffering (4/5) ,11.22 ,Buffering (3/5) ,Buffering (3/5) ,Buffering (3/5) ,Buffering (3/5) ,6550.80 ,1.39 ,100.00 ,0  ,0  ,0  ,2  ,None ,565.20 ,Buffering (0/1) ,STOP  ,IDLE         ,None     ,None  ,None  
2021-10-24 13:02:23,530,24.53 ,Buffering (4/5) ,Buffering (3/5) ,Buffering (3/5) ,23.49 ,Buffering (4/5) ,Buffering (4/5) ,Buffering (4/5) ,11.22 ,Buffering (3/5) ,Buffering (3/5) ,Buffering (3/5) ,Buffering (3/5) ,6534.96 ,1.39 ,100.00 ,0  ,0  ,0  ,2  ,None ,568.17 ,Buffering (0/1) ,STOP  ,IDLE         ,None     ,None  ,None  
2021-10-24 13:02:23,653,24.53 ,Buffering (4/5) ,Buffering (3/5) ,Buffering (3/5) ,23.48 ,Buffering (4/5) ,Buffering (4/5) ,Buffering (4/5) ,11.22 ,Buffering (3/5) ,Buffering (3/5) ,Buffering (3/5) ,Buffering (3/5) ,6519.50 ,1.39 ,100.00 ,0  ,0  ,0  ,2  ,None ,571.33 ,Buffering (0/1) ,STOP  ,IDLE         ,None     ,None  ,None  
2021-10-24 13:02:23,777,24.53 ,Buffering (4/5) ,Buffering (3/5) ,Buffering (3/5) ,23.46 ,Buffering (4/5) ,Buffering (4/5) ,Buffering (4/5) ,11.22 ,Buffering (3/5) ,Buffering (3/5) ,Buffering (3/5) ,Buffering (3/5) ,6503.74 ,1.39 ,100.00 ,0  ,0  ,0  ,2  ,None ,574.44 ,Buffering (0/1) ,STOP  ,IDLE         ,None     ,None  ,None  
2021-10-24 13:02:23,901,24.53 ,Buffering (4/5) ,Buffering (3/5) ,Buffering (3/5) ,23.45 ,Buffering (4/5) ,Buffering (4/5) ,Buffering (4/5) ,11.22 ,Buffering (3/5) ,Buffering (3/5) ,Buffering (3/5) ,Buffering (3/5) ,6488.28 ,1.39 ,100.00 ,0  ,0  ,0  ,2  ,None ,577.57 ,Buffering (0/1) ,STOP  ,IDLE         ,None     ,None  ,None  
2021-10-24 13:02:24,026,24.53 ,Buffering (4/5) ,Buffering (3/5) ,Buffering (3/5) ,23.43 ,Buffering (4/5) ,Buffering (4/5) ,Buffering (4/5) ,11.22 ,Buffering (3/5) ,Buffering (3/5) ,Buffering (3/5) ,Buffering (3/5) ,6473.00 ,1.39 ,100.00 ,0  ,0  ,0  ,2  ,None ,580.80 ,Buffering (0/1) ,STOP  ,IDLE         ,None     ,None  ,None  
2021-10-24 13:02:24,149,24.53 ,Buffering (4/5) ,Buffering (3/5) ,Buffering (3/5) ,23.41 ,Buffering (4/5) ,Buffering (4/5) ,Buffering (4/5) ,11.22 ,Buffering (3/5) ,Buffering (3/5) ,Buffering (3/5) ,Buffering (3/5) ,6457.60 ,1.39 ,100.00 ,0  ,0  ,0  ,2  ,None ,583.96 ,Buffering (0/1) ,STOP  ,IDLE         ,None     ,None  ,None  
2021-10-24 13:02:24,273,24.53 ,Buffering (4/5) ,Buffering (3/5) ,Buffering (3/5) ,23.40 ,Buffering (4/5) ,Buffering (4/5) ,Buffering (4/5) ,11.22 ,Buffering (3/5) ,Buffering (3/5) ,Buffering (3/5) ,Buffering (3/5) ,6442.18 ,1.39 ,100.00 ,0  ,0  ,0  ,2  ,None ,587.23 ,Buffering (0/1) ,STOP  ,IDLE         ,None     ,None  ,None  
2021-10-24 13:02:24,397,24.53 ,Buffering (4/5) ,Buffering (3/5) ,Buffering (3/5) ,23.38 ,Buffering (4/5) ,Buffering (4/5) ,Buffering (4/5) ,11.22 ,Buffering (3/5) ,Buffering (3/5) ,Buffering (3/5) ,Buffering (3/5) ,6426.60 ,1.39 ,100.00 ,0  ,0  ,0  ,2  ,None ,590.59 ,Buffering (0/1) ,STOP  ,IDLE         ,None     ,None  ,None  
2021-10-24 13:02:24,521,24.53 ,Buffering (4/5) ,Buffering (3/5) ,Buffering (3/5) ,23.37 ,Buffering (4/5) ,Buffering (4/5) ,Buffering (4/5) ,11.22 ,Buffering (3/5) ,Buffering (3/5) ,Buffering (3/5) ,Buffering (3/5) ,6411.12 ,1.39 ,100.00 ,0  ,0  ,0  ,2  ,None ,593.69 ,Buffering (0/1) ,STOP  ,IDLE         ,None     ,None  ,None  
2021-10-24 13:02:24,645,24.53 ,Buffering (4/5) ,Buffering (3/5) ,Buffering (3/5) ,23.35 ,Buffering (4/5) ,Buffering (4/5) ,Buffering (4/5) ,11.22 ,Buffering (3/5) ,Buffering (3/5) ,Buffering (3/5) ,Buffering (3/5) ,6395.86 ,1.39 ,100.00 ,0  ,0  ,0  ,2  ,None ,596.76 ,Buffering (0/1) ,STOP  ,IDLE         ,None     ,None  ,None  
2021-10-24 13:02:24,769,24.53 ,Buffering (4/5) ,Buffering (3/5) ,Buffering (3/5) ,23.34 ,Buffering (4/5) ,Buffering (4/5) ,Buffering (4/5) ,11.22 ,Buffering (3/5) ,Buffering (3/5) ,Buffering (3/5) ,Buffering (3/5) ,6380.64 ,1.39 ,100.00 ,0  ,0  ,0  ,2  ,None ,599.99 ,Buffering (0/1) ,STOP  ,IDLE         ,None     ,None  ,None  
2021-10-24 13:02:24,895,24.53 ,Buffering (4/5) ,Buffering (3/5) ,Buffering (3/5) ,23.33 ,Buffering (4/5) ,Buffering (4/5) ,Buffering (4/5) ,11.22 ,Buffering (3/5) ,Buffering (3/5) ,Buffering (3/5) ,Buffering (3/5) ,6365.68 ,1.39 ,100.00 ,0  ,0  ,0  ,2  ,None ,603.05 ,Buffering (0/1) ,STOP  ,IDLE         ,None     ,None  ,None  
2021-10-24 13:02:25,011,24.53 ,Buffering (4/5) ,Buffering (3/5) ,Buffering (3/5) ,23.31 ,Buffering (4/5) ,Buffering (4/5) ,Buffering (4/5) ,11.22 ,Buffering (3/5) ,Buffering (3/5) ,Buffering (3/5) ,Buffering (3/5) ,6350.80 ,1.39 ,100.00 ,0  ,0  ,0  ,2  ,None ,606.36 ,Buffering (0/1) ,STOP  ,IDLE         ,None     ,None  ,None  
2021-10-24 13:02:25,134,24.53 ,Buffering (4/5) ,Buffering (3/5) ,Buffering (3/5) ,23.29 ,Buffering (4/5) ,Buffering (4/5) ,Buffering (4/5) ,11.22 ,Buffering (3/5) ,Buffering (3/5) ,Buffering (3/5) ,Buffering (3/5) ,6336.24 ,1.39 ,100.00 ,0  ,0  ,0  ,2  ,None ,609.18 ,Buffering (0/1) ,STOP  ,IDLE         ,None     ,None  ,None  
2021-10-24 13:02:25,259,24.53 ,Buffering (4/5) ,Buffering (3/5) ,Buffering (3/5) ,23.28 ,Buffering (4/5) ,Buffering (4/5) ,Buffering (4/5) ,11.22 ,Buffering (3/5) ,Buffering (3/5) ,Buffering (3/5) ,Buffering (3/5) ,6321.62 ,1.39 ,100.00 ,0  ,0  ,0  ,2  ,None ,612.43 ,Buffering (0/1) ,STOP  ,IDLE         ,None     ,None  ,None  
2021-10-24 13:02:25,880,24.53 ,24.08 ,Buffering (4/5) ,Buffering (4/5) ,23.25 ,Buffering (4/5) ,Buffering (4/5) ,Buffering (4/5) ,11.19 ,Buffering (4/5) ,Buffering (4/5) ,Buffering (4/5) ,Buffering (4/5) ,6313.60 ,1.39 ,100.00 ,0  ,0  ,2  ,0  ,None ,608.16 ,Buffering (0/1) ,STOP  ,IDLE         ,None     ,None  ,None  
2021-10-24 13:02:26,444,24.55 ,24.09 ,25.37 ,25.40 ,23.22 ,0.01 ,0.00 ,0.00 ,11.17 ,11.36 ,10.11 ,10.36 ,1358.04 ,6313.18 ,1.51 ,100.00 ,0  ,0  ,0  ,0  ,None ,602.71 ,Buffering (0/1) ,STOP  ,IDLE         ,None     ,None  ,10.75 
2021-10-24 13:02:26,992,24.56 ,24.10 ,24.78 ,24.82 ,23.18 ,0.00 ,-0.00 ,0.00 ,11.15 ,11.34 ,10.09 ,10.34 ,1449.98 ,6320.44 ,1.50 ,100.00 ,0  ,0  ,0  ,0  ,None ,597.61 ,Buffering (0/1) ,STOP  ,IDLE         ,None     ,None  ,10.73 
2021-10-24 13:02:27,555,24.64 ,24.12 ,24.19 ,24.24 ,23.14 ,0.01 ,-0.00 ,0.00 ,11.13 ,11.32 ,10.07 ,10.32 ,1539.84 ,6334.24 ,1.50 ,100.00 ,0  ,0  ,0  ,0  ,None ,593.23 ,Buffering (0/1) ,STOP  ,IDLE         ,None     ,None  ,10.71 
2021-10-24 13:02:28,062,24.73 ,24.13 ,24.19 ,24.22 ,23.10 ,0.01 ,-0.00 ,0.00 ,11.11 ,11.30 ,10.05 ,10.30 ,1628.14 ,6354.30 ,1.50 ,100.00 ,0  ,0  ,0  ,0  ,None ,589.63 ,Buffering (0/1) ,STOP  ,IDLE         ,None     ,None  ,10.69 
                                                                                                                                                                                                                                                                                                                                                                                                                                                                                                                                                                                                                                                                                                                                                                                                                                                                                                                                                                                                                                                                                                                                                                                                                                                                                                                                                                                                                                                                  